      0.10236370      0.048005119      0.057423260      0.073880248 
     0.038709681       0.94761783        3.1432519        2.3599999 
       187.39050        47.838890        46.223400        321.56189 
       342.40369        648.36932        706.74792        736.08282 
       245.47145       0.00000000        45.000000       0.00000000 
      0.00000000       0.00000000       0.00000000       0.00000000 
      0.00000000        55.000000        15653.680        1.0000000 
       11.000000        3.0000000 
      0.10236370      0.048005119      0.057423260      0.073880248 
     0.038709681       0.94761783        3.1432519        2.3599999 
       62.074692        232.87531        229.58380        241.98331 
       372.46729        908.91040        902.09149        975.30200 
       347.45191       0.00000000       0.00000000       0.00000000 
      0.00000000       0.00000000       0.00000000       0.00000000 
      0.00000000        100.00000        34745.191       0.00000000 
       54.000000        1.0000000 
      0.10236370      0.048005119      0.057423260      0.073880248 
     0.038709681       0.94761783        3.1432519        2.3599999 
       39.947922        191.77190        187.08549        194.27631 
       316.08200        654.94971        706.74792        736.08282 
       11658.888        100.00000       0.00000000       0.00000000 
      0.00000000       0.00000000       0.00000000       0.00000000 
      0.00000000       0.00000000        15653.680        1.0000000 
       62.000000        8.0000000 
      0.10236370      0.048005119      0.057423260      0.073880248 
     0.038709681       0.94761783        3.1432519        2.3599999 
       183.00349        310.28360        305.59720        45.956402 
       188.79640        575.98462        744.03699        773.37189 
       163.59512       0.00000000       0.00000000       0.00000000 
       6.0000000       0.00000000       0.00000000       0.00000000 
      0.00000000        94.000000        15653.680       0.00000000 
       16.000000        1.0000000 
      0.10236370      0.048005119      0.057423260      0.073880248 
     0.038709681       0.94761783        3.1432519        2.3599999 
       36.877060        191.77190        187.08549        194.27631 
       316.08200        654.94971        706.74792        736.08282 
       161.52262        4.0000000       0.00000000       0.00000000 
      0.00000000       0.00000000       0.00000000       0.00000000 
      0.00000000        96.000000        15653.680        1.0000000 
       63.000000        11.000000 
      0.10236370      0.048005119      0.057423260      0.073880248 
     0.038709681       0.94761783        3.1432519        2.3599999 
       36.438358        191.77190        187.08549        194.27631 
       316.08200        654.94971        706.74792        736.08282 
       156.53680       0.00000000       0.00000000       0.00000000 
      0.00000000       0.00000000       0.00000000       0.00000000 
      0.00000000        100.00000        15653.680        1.0000000 
       76.000000        11.000000 
      0.10236370      0.048005119      0.057423260      0.073880248 
     0.038709681       0.94761783        3.1432519        2.3599999 
       295.53079        325.02200        320.71509        192.31461 
       316.48099        756.40302        792.25568        846.47351 
       200.09880        2.0000000       0.00000000       0.00000000 
      0.00000000       0.00000000       0.00000000       0.00000000 
       1.0000000        97.000000        20847.119       0.00000000 
       34.000000        9.0000000 
      0.10236370      0.048005119      0.057423260      0.073880248 
     0.038709681       0.94761783        3.1432519        2.3599999 
       187.90340        325.02200        320.71509        53.479759 
       199.39191        634.39771        802.21527        843.48560 
       213.26474       0.00000000       0.00000000       0.00000000 
       3.0000000       0.00000000       0.00000000       0.00000000 
      0.00000000        97.000000        20847.119       0.00000000 
       52.000000        5.0000000 
      0.10236370      0.048005119      0.057423260      0.073880248 
     0.038709681       0.94761783        3.1432519        2.3599999 
       47.574638        202.95320        198.64630        207.25400 
       331.42041        724.03418        759.88690        801.15723 
       208.47119       0.00000000       0.00000000       0.00000000 
      0.00000000       0.00000000       0.00000000       0.00000000 
      0.00000000        100.00000        20847.119       0.00000000 
       41.000000        1.0000000 
      0.10236370      0.048005119      0.057423260      0.073880248 
     0.038709681       0.94761783        3.1432519        2.3599999 
       84.317719        262.79739        260.52130        276.71259 
       413.51419        1093.7870        1044.2960        1149.4470 
       498.86924        3.0000000       0.00000000       0.00000000 
      0.00000000       0.00000000       0.00000000       0.00000000 
      0.00000000        97.000000        48643.270       0.00000000 
       58.000000        8.0000000 
      0.10236370      0.048005119      0.057423260      0.073880248 
     0.038709681       0.94761783        3.1432519        2.3599999 
       182.92360        317.55231        320.71509        78.195427 
       199.39191        634.39771        802.21527        843.48560 
       203.92614       0.00000000        4.0000000       0.00000000 
      0.00000000       0.00000000       0.00000000       0.00000000 
      0.00000000        96.000000        20847.119       0.00000000 
       47.000000        9.0000000 
      0.10236370      0.048005119      0.057423260      0.073880248 
     0.038709681       0.94761783        3.1432519        2.3599999 
       37.315750        191.77190        187.08549        194.27631 
       316.08200        654.94971        706.74792        736.08282 
       156.53680       0.00000000       0.00000000       0.00000000 
      0.00000000       0.00000000       0.00000000       0.00000000 
      0.00000000        100.00000        15653.680       0.00000000 
       16.000000        1.0000000 
      0.10236370      0.048005119      0.057423260      0.073880248 
     0.038709681       0.94761783        3.1432519        2.3599999 
       63.387959        232.87531        229.58380        241.98331 
       372.46729        908.91040        902.09149        975.30200 
       372.15313        8.0000000       0.00000000       0.00000000 
      0.00000000       0.00000000       0.00000000       0.00000000 
      0.00000000        92.000000        34745.191       0.00000000 
       42.000000        4.0000000 
      0.10236370      0.048005119      0.057423260      0.073880248 
     0.038709681       0.94761783        3.1432519        2.3599999 
       38.193138        191.77190        187.08549        194.27631 
       316.08200        654.94971        706.74792        736.08282 
       156.53680       0.00000000       0.00000000       0.00000000 
      0.00000000       0.00000000       0.00000000       0.00000000 
      0.00000000        100.00000        15653.680       0.00000000 
       29.000000       0.00000000 
      0.10236370      0.048005119      0.057423260      0.073880248 
     0.038709681       0.94761783        3.1432519        2.3599999 
       92.470596        262.79739        260.52130        276.71259 
       413.51419        1093.7870        1044.2960        1149.4470 
       486.43270       0.00000000       0.00000000       0.00000000 
      0.00000000       0.00000000       0.00000000       0.00000000 
      0.00000000        100.00000        48643.270       0.00000000 
       55.000000        3.0000000 
      0.10236370      0.048005119      0.057423260      0.073880248 
     0.038709681       0.94761783        3.1432519        2.3599999 
       241.19501        87.168457        393.47571        103.52960 
       256.10120        1159.0100        1109.5190        1214.6700 
       494.58095       0.00000000        2.0000000       0.00000000 
      0.00000000       0.00000000       0.00000000       0.00000000 
      0.00000000        98.000000        48643.270       0.00000000 
       35.000000        5.0000000 
      0.10236370      0.048005119      0.057423260      0.073880248 
     0.038709681       0.94761783        3.1432519        2.3599999 
       41.702702        191.77190        187.08549        194.27631 
       316.08200        654.94971        706.74792        736.08282 
       165.18022        7.0000000       0.00000000       0.00000000 
      0.00000000       0.00000000       0.00000000       0.00000000 
      0.00000000        93.000000        15653.680        1.0000000 
       62.000000        11.000000 
      0.10236370      0.048005119      0.057423260      0.073880248 
     0.038709681       0.94761783        3.1432519        2.3599999 
       47.574638        202.95320        198.64630        207.25400 
       331.42041        724.03418        759.88690        801.15723 
       208.47119       0.00000000       0.00000000       0.00000000 
      0.00000000       0.00000000       0.00000000       0.00000000 
      0.00000000        100.00000        20847.119       0.00000000 
       29.000000        4.0000000 
      0.10236370      0.048005119      0.057423260      0.073880248 
     0.038709681       0.94761783        3.1432519        2.3599999 
       81.871849        262.79739        260.52130        276.71259 
       413.51419        1093.7870        1044.2960        1149.4470 
       521.61190        8.0000000       0.00000000       0.00000000 
      0.00000000       0.00000000       0.00000000       0.00000000 
      0.00000000        92.000000        48643.270        1.0000000 
       39.000000        5.0000000 
      0.10236370      0.048005119      0.057423260      0.073880248 
     0.038709681       0.94761783        3.1432519        2.3599999 
       302.50250        347.43121        343.12421        85.665138 
       66.532883        788.77173        824.62439        865.89471 
       212.86104       0.00000000       0.00000000       0.00000000 
      0.00000000        3.0000000       0.00000000       0.00000000 
      0.00000000        97.000000        20847.119       0.00000000 
       39.000000        1.0000000 
      0.10236370      0.048005119      0.057423260      0.073880248 
     0.038709681       0.94761783        3.1432519        2.3599999 
       38.193138        191.77190        187.08549        194.27631 
       316.08200        654.94971        706.74792        736.08282 
       156.53680       0.00000000       0.00000000       0.00000000 
      0.00000000       0.00000000       0.00000000       0.00000000 
      0.00000000        100.00000        15653.680       0.00000000 
       64.000000        11.000000 
      0.10236370      0.048005119      0.057423260      0.073880248 
     0.038709681       0.94761783        3.1432519        2.3599999 
       392.13910        402.20901        397.90210        324.34299 
       209.35150        908.28711        754.90710        793.68750 
       158.41516        15.000000       0.00000000       0.00000000 
      0.00000000       0.00000000        2.0000000       0.00000000 
      0.00000000        83.000000        20847.119        1.0000000 
       53.000000        11.000000 
      0.10236370      0.048005119      0.057423260      0.073880248 
     0.038709681       0.94761783        3.1432519        2.3599999 
       30.751360        180.51160        175.44310        181.20700 
       300.63519        585.37708        653.23352        670.54858 
       119.28658        17.000000       0.00000000       0.00000000 
      0.00000000       0.00000000       0.00000000       0.00000000 
      0.00000000        83.000000        10423.560       0.00000000 
       45.000000        4.0000000 
      0.10236370      0.048005119      0.057423260      0.073880248 
     0.038709681       0.94761783        3.1432519        2.3599999 
       324.91171        364.86050        360.55359        194.80450 
       64.042976        803.71118        839.56378        880.83411 
       210.58070        2.0000000       0.00000000       0.00000000 
      0.00000000        3.0000000       0.00000000       0.00000000 
      0.00000000        95.000000        20847.119       0.00000000 
       61.000000        11.000000 
      0.10236370      0.048005119      0.057423260      0.073880248 
     0.038709681       0.94761783        3.1432519        2.3599999 
       182.92360        202.95320        198.64630        207.25400 
       331.42041        724.03418        759.88690        801.15723 
       211.95495        12.000000       0.00000000       0.00000000 
      0.00000000       0.00000000       0.00000000       0.00000000 
      0.00000000        88.000000        20847.119        1.0000000 
       36.000000        6.0000000 
      0.10236370      0.048005119      0.057423260      0.073880248 
     0.038709681       0.94761783        3.1432519        2.3599999 
       302.50250        347.43121        343.12421        83.175240 
       95.232399        778.81207        814.66479        855.93512 
       209.73681       0.00000000       0.00000000       0.00000000 
       1.0000000       0.00000000       0.00000000       0.00000000 
      0.00000000        99.000000        20847.119        1.0000000 
       36.000000        5.0000000 
      0.10236370      0.048005119      0.057423260      0.073880248 
     0.038709681       0.94761783        3.1432519        2.3599999 
       144.52100        345.08319        345.59940        372.21829 
       526.39331        1602.1960        1435.3590        1628.3450 
       875.94400        1.0000000       0.00000000       0.00000000 
      0.00000000       0.00000000       0.00000000       0.00000000 
      0.00000000        99.000000        86862.977       0.00000000 
       40.000000        2.0000000 
      0.10236370      0.048005119      0.057423260      0.073880248 
     0.038709681       0.94761783        3.1432519        2.3599999 
       37.754452        191.77190        187.08549        194.27631 
       316.08200        654.94971        706.74792        736.08282 
       156.53680       0.00000000       0.00000000       0.00000000 
      0.00000000       0.00000000       0.00000000       0.00000000 
      0.00000000        100.00000        15653.680        1.0000000 
       81.000000        5.0000000 
      0.10236370      0.048005119      0.057423260      0.073880248 
     0.038709681       0.94761783        3.1432519        2.3599999 
       169.84270        312.47711        301.21030        51.220741 
       188.79640        690.04529        741.84351        771.17841 
       153.35434       0.00000000        2.0000000       0.00000000 
      0.00000000       0.00000000       0.00000000       0.00000000 
      0.00000000        98.000000        15653.680       0.00000000 
       66.000000        2.0000000 
      0.10236370      0.048005119      0.057423260      0.073880248 
     0.038709681       0.94761783        3.1432519        2.3599999 
       45.582722        202.95320        198.64630        207.25400 
       331.42041        724.03418        759.88690        801.15723 
       211.79545        2.0000000       0.00000000       0.00000000 
      0.00000000       0.00000000       0.00000000       0.00000000 
      0.00000000        98.000000        20847.119       0.00000000 
       43.000000       0.00000000 
      0.10236370      0.048005119      0.057423260      0.073880248 
     0.038709681       0.94761783        3.1432519        2.3599999 
       43.092812        202.95320        198.64630        207.25400 
       331.42041        724.03418        759.88690        801.15723 
       215.36196        4.0000000       0.00000000       0.00000000 
      0.00000000       0.00000000       0.00000000       0.00000000 
      0.00000000        96.000000        20847.119        1.0000000 
       51.000000        1.0000000 
      0.10236370      0.048005119      0.057423260      0.073880248 
     0.038709681       0.94761783        3.1432519        2.3599999 
       62.074692        232.87531        229.58380        241.98331 
       372.46729        908.91040        902.09149        975.30200 
       347.45191       0.00000000       0.00000000       0.00000000 
      0.00000000       0.00000000       0.00000000       0.00000000 
      0.00000000        100.00000        34745.191       0.00000000 
       58.000000        3.0000000 
      0.10236370      0.048005119      0.057423260      0.073880248 
     0.038709681       0.94761783        3.1432519        2.3599999 
       178.61659        321.25101        316.56461        51.220741 
       83.925522        703.20618        755.00439        784.33917 
       159.45805        13.000000       0.00000000       0.00000000 
       5.0000000       0.00000000       0.00000000       0.00000000 
      0.00000000        82.000000        15653.680        1.0000000 
       65.000000        5.0000000 
      0.10236370      0.048005119      0.057423260      0.073880248 
     0.038709681       0.94761783        3.1432519        2.3599999 
       261.57721        407.98120        422.01080        123.04070 
       139.93250        1183.4680        1133.9780        1239.1290 
       722.52280        7.0000000       0.00000000       0.00000000 
       34.000000       0.00000000       0.00000000       0.00000000 
      0.00000000        59.000000        48643.270        1.0000000 
       51.000000        11.000000 
      0.10236370      0.048005119      0.057423260      0.073880248 
     0.038709681       0.94761783        3.1432519        2.3599999 
       36.438358        191.77190        187.08549        194.27631 
       316.08200        654.94971        706.74792        736.08282 
       160.25118        3.0000000       0.00000000       0.00000000 
      0.00000000       0.00000000       0.00000000       0.00000000 
      0.00000000        97.000000        15653.680       0.00000000 
       18.000000        1.0000000 
      0.10236370      0.048005119      0.057423260      0.073880248 
     0.038709681       0.94761783        3.1432519        2.3599999 
       35.999668        191.77190        187.08549        194.27631 
       316.08200        684.56158        706.74792        774.46863 
       150.29506       0.00000000       0.00000000       0.00000000 
      0.00000000       0.00000000       0.00000000       0.00000000 
       1.0000000        99.000000        15653.680        1.0000000 
       73.000000        11.000000 
      0.10236370      0.048005119      0.057423260      0.073880248 
     0.038709681       0.94761783        3.1432519        2.3599999 
       156.99220        275.72031        270.14420        30.410940 
       163.94870        438.99960        607.60248        608.94757 
       382.67868       0.00000000       0.00000000       0.00000000 
       10.000000       0.00000000       0.00000000       0.00000000 
      0.00000000        90.000000        34745.191       0.00000000 
       53.000000        8.0000000 
      0.10236370      0.048005119      0.057423260      0.073880248 
     0.038709681       0.94761783        3.1432519        2.3599999 
       294.67929        105.87020        110.45310        481.54739 
       512.99768        1264.0540        1186.5010        1323.5920 
       630.66143       0.00000000        1.0000000       0.00000000 
      0.00000000       0.00000000       0.00000000       0.00000000 
      0.00000000        99.000000        62541.352        1.0000000 
       44.000000        11.000000 
      0.10236370      0.048005119      0.057423260      0.073880248 
     0.038709681       0.94761783        3.1432519        2.3599999 
       183.00349        52.225842        46.223400        321.56189 
       342.40369        648.36932        706.74792        736.08282 
       10274.476        1.1976048        98.802395       0.00000000 
      0.00000000       0.00000000       0.00000000       0.00000000 
      0.00000000       0.00000000        15653.680       0.00000000 
       69.000000        11.000000 
      0.10236370      0.048005119      0.057423260      0.073880248 
     0.038709681       0.94761783        3.1432519        2.3599999 
       44.334869        191.77190        187.08549        194.27631 
       316.08200        654.94971        706.74792        736.08282 
       156.53680       0.00000000       0.00000000       0.00000000 
      0.00000000       0.00000000       0.00000000       0.00000000 
      0.00000000        100.00000        15653.680       0.00000000 
       67.000000        6.0000000 
      0.10236370      0.048005119      0.057423260      0.073880248 
     0.038709681       0.94761783        3.1432519        2.3599999 
       119.31940        126.24650        240.13901        272.63620 
       413.51419        1118.2450        1068.7550        1173.9050 
       536.25745        9.0000000        3.0000000       0.00000000 
      0.00000000       0.00000000       0.00000000       0.00000000 
      0.00000000        88.000000        48643.270       0.00000000 
       49.000000        11.000000 
      0.10236370      0.048005119      0.057423260      0.073880248 
     0.038709681       0.94761783        3.1432519        2.3599999 
       343.64740        394.01190        390.72040        110.87520 
       86.954811        994.27289        934.92328        1060.6650 
       341.47395        2.0000000       0.00000000       0.00000000 
      0.00000000       0.00000000       0.00000000        1.0000000 
      0.00000000        97.000000        34745.191       0.00000000 
       63.000000        11.000000 
      0.10236370      0.048005119      0.057423260      0.073880248 
     0.038709681       0.94761783        3.1432519        2.3599999 
       190.39330        320.04221        315.73529        57.463612 
       199.39191        763.87268        799.72540        840.99573 
       208.47119       0.00000000       0.00000000       0.00000000 
      0.00000000       0.00000000       0.00000000       0.00000000 
      0.00000000        100.00000        20847.119       0.00000000 
       32.000000        1.0000000 
      0.10236370      0.048005119      0.057423260      0.073880248 
     0.038709681       0.94761783        3.1432519        2.3599999 
       261.57721        440.59271        438.31650        136.08530 
       107.37670        1313.9139        1150.2841        1255.4340 
       478.07430       0.00000000       0.00000000       0.00000000 
      0.00000000       0.00000000        1.0000000       0.00000000 
      0.00000000        99.000000        48643.270       0.00000000 
       50.000000        1.0000000 
      0.10236370      0.048005119      0.057423260      0.073880248 
     0.038709681       0.94761783        3.1432519        2.3599999 
       69.358772        198.35229        290.24289        185.50240 
       305.11459        670.30402        736.35980        751.43707 
       151.50981        1.0000000       0.00000000       0.00000000 
      0.00000000       0.00000000       0.00000000        1.0000000 
      0.00000000        98.000000        15653.680       0.00000000 
       67.000000        11.000000 
      0.10236370      0.048005119      0.057423260      0.073880248 
     0.038709681       0.94761783        3.1432519        2.3599999 
       283.96741        338.79880        334.11240        174.53510 
       182.21590        743.12738        755.00439        788.72620 
       146.32055        3.0000000       0.00000000       0.00000000 
      0.00000000       0.00000000       0.00000000        1.0000000 
      0.00000000        96.000000        15653.680        1.0000000 
       59.000000        5.0000000 
      0.10236370      0.048005119      0.057423260      0.073880248 
     0.038709681       0.94761783        3.1432519        2.3599999 
       366.62961        367.74649        364.45499        439.23489 
       480.81201        922.04309        826.57861        873.52368 
       342.13806       0.00000000       0.00000000       0.00000000 
      0.00000000       0.00000000       0.00000000       0.00000000 
       1.0000000        99.000000        34745.191        1.0000000 
       40.000000        1.0000000 
      0.10236370      0.048005119      0.057423260      0.073880248 
     0.038709681       0.94761783        3.1432519        2.3599999 
       43.092812        202.95320        198.64630        207.25400 
       331.42041        724.03418        759.88690        801.15723 
       226.84657        10.000000       0.00000000       0.00000000 
      0.00000000       0.00000000       0.00000000       0.00000000 
      0.00000000        90.000000        20847.119       0.00000000 
       28.000000        10.000000 
      0.10236370      0.048005119      0.057423260      0.073880248 
     0.038709681       0.94761783        3.1432519        2.3599999 
       97.367088        111.61670        213.16789        238.70010 
       372.46729        928.60938        921.79059        995.00110 
       664.04732        12.000000        45.000000       0.00000000 
      0.00000000       0.00000000       0.00000000       0.00000000 
      0.00000000        43.000000        34745.191       0.00000000 
       37.000000        6.0000000 
      0.10236370      0.048005119      0.057423260      0.073880248 
     0.038709681       0.94761783        3.1432519        2.3599999 
       69.358772        185.19150        296.82330        194.27631 
       195.37680        654.94971        706.74792        736.08282 
       171.64192        15.000000       0.00000000       0.00000000 
      0.00000000        1.0000000       0.00000000       0.00000000 
      0.00000000        84.000000        15653.680       0.00000000 
       18.000000        3.0000000 
      0.10236370      0.048005119      0.057423260      0.073880248 
     0.038709681       0.94761783        3.1432519        2.3599999 
       208.77609        75.667686        72.376152        386.70410 
       411.86539        899.06091        902.09149        975.30200 
       19583.894        57.055215        42.944785       0.00000000 
      0.00000000       0.00000000       0.00000000       0.00000000 
      0.00000000       0.00000000        34745.191       0.00000000 
       40.000000        11.000000 
      0.10236370      0.048005119      0.057423260      0.073880248 
     0.038709681       0.94761783        3.1432519        2.3599999 
       47.574638        202.95320        198.64630        207.25400 
       331.42041        724.03418        759.88690        801.15723 
       345.53122        46.000000       0.00000000       0.00000000 
      0.00000000       0.00000000       0.00000000       0.00000000 
      0.00000000        54.000000        20847.119        1.0000000 
       31.000000        11.000000 
      0.10236370      0.048005119      0.057423260      0.073880248 
     0.038709681       0.94761783        3.1432519        2.3599999 
       137.25571        275.02670        393.47571        103.52960 
       256.10120        1159.0100        1109.5190        1214.6700 
       490.74710       0.00000000        2.0000000       0.00000000 
      0.00000000       0.00000000       0.00000000       0.00000000 
      0.00000000        98.000000        48643.270       0.00000000 
       52.000000        10.000000 
      0.10236370      0.048005119      0.057423260      0.073880248 
     0.038709681       0.94761783        3.1432519        2.3599999 
       84.317719        262.79739        264.59769        276.71259 
       413.51419        1093.7870        1044.2960        1149.4470 
       488.67345       0.00000000       0.00000000        1.0000000 
      0.00000000       0.00000000       0.00000000       0.00000000 
      0.00000000        99.000000        48643.270        1.0000000 
       59.000000        11.000000 
      0.10236370      0.048005119      0.057423260      0.073880248 
     0.038709681       0.94761783        3.1432519        2.3599999 
       255.17540        289.20520        283.62900        49.657570 
       41.005482        531.89532        621.08740        622.43250 
       363.12530       0.00000000       0.00000000       0.00000000 
       5.0000000       0.00000000       0.00000000       0.00000000 
      0.00000000        95.000000        34745.191       0.00000000 
       28.000000        1.0000000 
      0.10236370      0.048005119      0.057423260      0.073880248 
     0.038709681       0.94761783        3.1432519        2.3599999 
       90.024742        262.79739        260.52130        276.71259 
       413.51419        1093.7870        1044.2960        1149.4470 
       486.43270       0.00000000       0.00000000       0.00000000 
      0.00000000       0.00000000       0.00000000       0.00000000 
      0.00000000        100.00000        48643.270       0.00000000 
       38.000000        1.0000000 
      0.10236370      0.048005119      0.057423260      0.073880248 
     0.038709681       0.94761783        3.1432519        2.3599999 
       258.17209        299.69339        294.11731        156.35069 
       35.911201        540.88519        630.07727        631.42242 
       555.14572       0.00000000       0.00000000       0.00000000 
      0.00000000        40.000000       0.00000000       0.00000000 
      0.00000000        60.000000        34745.191        1.0000000 
       49.000000        3.0000000 
      0.10236370      0.048005119      0.057423260      0.073880248 
     0.038709681       0.94761783        3.1432519        2.3599999 
       360.06320        416.99411        413.70261        225.56750 
       77.105293        1013.9720        1007.1530        1080.3640 
       384.31736       0.00000000       0.00000000       0.00000000 
      0.00000000        12.000000       0.00000000       0.00000000 
      0.00000000        88.000000        34745.191       0.00000000 
       47.000000        3.0000000 
      0.10236370      0.048005119      0.057423260      0.073880248 
     0.038709681       0.94761783        3.1432519        2.3599999 
       35.999668        191.77190        187.08549        194.27631 
       316.08200        654.94971        706.74792        736.08282 
       12053.713        100.00000       0.00000000       0.00000000 
      0.00000000       0.00000000       0.00000000       0.00000000 
      0.00000000       0.00000000        15653.680       0.00000000 
       33.000000        2.0000000 
      0.10236370      0.048005119      0.057423260      0.073880248 
     0.038709681       0.94761783        3.1432519        2.3599999 
       304.41870        111.71380        110.45310        481.54739 
       512.99768        1264.0540        1186.5010        1416.1160 
       640.10507        9.0000000       0.00000000       0.00000000 
      0.00000000       0.00000000       0.00000000       0.00000000 
       2.0000000        89.000000        62541.352        1.0000000 
       45.000000        11.000000 
      0.10236370      0.048005119      0.057423260      0.073880248 
     0.038709681       0.94761783        3.1432519        2.3599999 
       45.084740        202.95320        198.64630        207.25400 
       331.42041        724.03418        759.88690        801.15723 
       208.47119       0.00000000       0.00000000       0.00000000 
      0.00000000       0.00000000       0.00000000       0.00000000 
      0.00000000        100.00000        20847.119       0.00000000 
       28.000000        3.0000000 
      0.10236370      0.048005119      0.057423260      0.073880248 
     0.038709681       0.94761783        3.1432519        2.3599999 
       35.999668        191.77190        187.08549        194.27631 
       316.08200        654.94971        706.74792        736.08282 
       156.53680       0.00000000       0.00000000       0.00000000 
      0.00000000       0.00000000       0.00000000       0.00000000 
      0.00000000        100.00000        15653.680       0.00000000 
       40.000000        2.0000000 
      0.10236370      0.048005119      0.057423260      0.073880248 
     0.038709681       0.94761783        3.1432519        2.3599999 
       63.387959        232.87531        229.58380        241.98331 
       372.46729        908.91040        902.09149        975.30200 
       500.40943        35.000000       0.00000000       0.00000000 
      0.00000000       0.00000000       0.00000000       0.00000000 
      0.00000000        65.000000        34745.191        1.0000000 
       37.000000        11.000000 
      0.10236370      0.048005119      0.057423260      0.073880248 
     0.038709681       0.94761783        3.1432519        2.3599999 
       44.586750        202.95320        198.64630        207.25400 
       331.42041        724.03418        759.88690        801.15723 
       239.68728        16.000000       0.00000000       0.00000000 
      0.00000000       0.00000000       0.00000000       0.00000000 
      0.00000000        84.000000        20847.119       0.00000000 
       59.000000        1.0000000 
      0.10236370      0.048005119      0.057423260      0.073880248 
     0.038709681       0.94761783        3.1432519        2.3599999 
       50.064541        202.95320        198.64630        207.25400 
       331.42041        724.03418        759.88690        801.15723 
       208.47119       0.00000000       0.00000000       0.00000000 
      0.00000000       0.00000000       0.00000000       0.00000000 
      0.00000000        100.00000        20847.119       0.00000000 
       34.000000        1.0000000 
      0.10236370      0.048005119      0.057423260      0.073880248 
     0.038709681       0.94761783        3.1432519        2.3599999 
       174.22960        191.77190        187.08549        194.27631 
       316.08200        654.94971        706.74792        736.08282 
       152.91297        17.000000       0.00000000       0.00000000 
      0.00000000       0.00000000       0.00000000       0.00000000 
      0.00000000        83.000000        15653.680       0.00000000 
       56.000000        5.0000000 
      0.10236370      0.048005119      0.057423260      0.073880248 
     0.038709681       0.94761783        3.1432519        2.3599999 
       174.22960        191.77190        187.08549        194.27631 
       316.08200        654.94971        706.74792        736.08282 
       153.16674        16.000000       0.00000000       0.00000000 
      0.00000000       0.00000000       0.00000000       0.00000000 
      0.00000000        84.000000        15653.680        1.0000000 
       59.000000        5.0000000 
      0.10236370      0.048005119      0.057423260      0.073880248 
     0.038709681       0.94761783        3.1432519        2.3599999 
       47.574638        202.95320        198.64630        207.25400 
       331.42041        724.03418        759.88690        801.15723 
       246.21236        19.000000       0.00000000       0.00000000 
      0.00000000       0.00000000       0.00000000       0.00000000 
      0.00000000        81.000000        20847.119       0.00000000 
       26.000000        3.0000000 
      0.10236370      0.048005119      0.057423260      0.073880248 
     0.038709681       0.94761783        3.1432519        2.3599999 
       46.578678        202.95320        198.64630        207.25400 
       331.42041        724.03418        759.88690        801.15723 
       254.13318        22.000000       0.00000000       0.00000000 
      0.00000000       0.00000000       0.00000000       0.00000000 
      0.00000000        78.000000        20847.119       0.00000000 
       39.000000        10.000000 
      0.10236370      0.048005119      0.057423260      0.073880248 
     0.038709681       0.94761783        3.1432519        2.3599999 
       491.73520        364.86050        360.55359        194.80450 
       59.063171        803.71118        839.56378        880.83411 
       219.71696       0.00000000       0.00000000       0.00000000 
      0.00000000        7.0000000       0.00000000       0.00000000 
      0.00000000        93.000000        20847.119       0.00000000 
       40.000000        3.0000000 
      0.10236370      0.048005119      0.057423260      0.073880248 
     0.038709681       0.94761783        3.1432519        2.3599999 
       319.06299        345.37921        340.69281        183.30901 
       81.732048        725.14093        776.93909        806.27399 
       161.31157       0.00000000       0.00000000       0.00000000 
      0.00000000        6.0000000       0.00000000       0.00000000 
      0.00000000        94.000000        15653.680       0.00000000 
       65.000000        3.0000000 
      0.10236370      0.048005119      0.057423260      0.073880248 
     0.038709681       0.94761783        3.1432519        2.3599999 
       28.856409        180.51160        175.44310        181.20700 
       300.63519        585.37708        653.23352        670.54858 
       104.23560       0.00000000       0.00000000       0.00000000 
      0.00000000       0.00000000       0.00000000       0.00000000 
      0.00000000        100.00000        10423.560       0.00000000 
       37.000000       0.00000000 
      0.10236370      0.048005119      0.057423260      0.073880248 
     0.038709681       0.94761783        3.1432519        2.3599999 
       221.90880        364.46341        361.17181        72.299660 
       227.74651        790.71619        957.90552        1031.1160 
       381.57247        2.0000000       0.00000000       0.00000000 
       10.000000       0.00000000       0.00000000       0.00000000 
      0.00000000        88.000000        34745.191       0.00000000 
       37.000000        4.0000000 
      0.10236370      0.048005119      0.057423260      0.073880248 
     0.038709681       0.94761783        3.1432519        2.3599999 
       86.763580        262.79739        260.52130        276.71259 
       413.51419        1093.7870        1044.2960        1149.4470 
       657.71946        30.000000       0.00000000       0.00000000 
      0.00000000       0.00000000       0.00000000       0.00000000 
      0.00000000        70.000000        48643.270        1.0000000 
       43.000000        7.0000000 
      0.10236370      0.048005119      0.057423260      0.073880248 
     0.038709681       0.94761783        3.1432519        2.3599999 
       46.578678        199.21831        198.64630        207.25400 
       331.42041        724.03418        759.88690        799.91229 
       224.00302        12.000000       0.00000000       0.00000000 
      0.00000000       0.00000000       0.00000000       0.00000000 
       1.0000000        87.000000        20847.119       0.00000000 
       36.000000        11.000000 
      0.10236370      0.048005119      0.057423260      0.073880248 
     0.038709681       0.94761783        3.1432519        2.3599999 
       43.092812        202.95320        198.64630        847.22278 
       331.42041        724.03418        759.88690        801.15723 
       446.52122        60.000000       0.00000000       0.00000000 
       1.0000000       0.00000000       0.00000000       0.00000000 
      0.00000000        39.000000        20847.119        1.0000000 
       46.000000        11.000000 
      0.10236370      0.048005119      0.057423260      0.073880248 
     0.038709681       0.94761783        3.1432519        2.3599999 
       317.44189        364.86050        360.55359        194.80450 
       59.063171        803.71118        839.56378        880.83411 
       214.69653       0.00000000       0.00000000       0.00000000 
      0.00000000        4.0000000       0.00000000       0.00000000 
      0.00000000        96.000000        20847.119       0.00000000 
       35.000000        2.0000000 
      0.10236370      0.048005119      0.057423260      0.073880248 
     0.038709681       0.94761783        3.1432519        2.3599999 
       64.044594        232.87531        229.58380        241.98331 
       372.46729        908.91040        902.09149        975.30200 
       397.46497        15.000000       0.00000000       0.00000000 
      0.00000000       0.00000000       0.00000000       0.00000000 
      0.00000000        85.000000        34745.191       0.00000000 
       25.000000       0.00000000 
      0.10236370      0.048005119      0.057423260      0.073880248 
     0.038709681       0.94761783        3.1432519        2.3599999 
       43.092812        202.95320        198.64630        207.25400 
       331.42041        724.03418        759.88690        801.15723 
       16537.838        100.00000       0.00000000       0.00000000 
      0.00000000       0.00000000       0.00000000       0.00000000 
      0.00000000       0.00000000        20847.119        1.0000000 
       47.000000        11.000000 
      0.10236370      0.048005119      0.057423260      0.073880248 
     0.038709681       0.94761783        3.1432519        2.3599999 
       402.68451        469.12781        466.85159        256.33041 
       91.070961        1224.2330        1174.7419        1279.8929 
       881.79443       0.00000000       0.00000000       0.00000000 
      0.00000000        50.000000       0.00000000       0.00000000 
      0.00000000        50.000000        48643.270       0.00000000 
       50.000000        10.000000 
      0.10236370      0.048005119      0.057423260      0.073880248 
     0.038709681       0.94761783        3.1432519        2.3599999 
       370.07300        440.59271        487.23380        136.08530 
       107.37670        1199.7740        1150.2841        1255.4340 
       486.39932       0.00000000       0.00000000        4.0000000 
      0.00000000       0.00000000       0.00000000       0.00000000 
      0.00000000        96.000000        48643.270       0.00000000 
       52.000000        8.0000000 
      0.10236370      0.048005119      0.057423260      0.073880248 
     0.038709681       0.94761783        3.1432519        2.3599999 
       43.092812        202.95320        198.64630        207.25400 
       331.42041        724.03418        734.98792        784.97278 
       220.57549        10.000000       0.00000000       0.00000000 
      0.00000000       0.00000000       0.00000000       0.00000000 
       1.0000000        89.000000        20847.119        1.0000000 
       23.000000        10.000000 
      0.10236370      0.048005119      0.057423260      0.073880248 
     0.038709681       0.94761783        3.1432519        2.3599999 
       39.070530        191.77190        187.08549        194.27631 
       316.08200        654.94971        706.74792        736.08282 
       160.16977        3.0000000       0.00000000       0.00000000 
      0.00000000       0.00000000       0.00000000       0.00000000 
      0.00000000        97.000000        15653.680       0.00000000 
       71.000000        6.0000000 
      0.10236370      0.048005119      0.057423260      0.073880248 
     0.038709681       0.94761783        3.1432519        2.3599999 
       405.94571        469.12781        466.85159        256.33041 
       92.701538        1224.2330        1174.7419        1279.8929 
       507.15539       0.00000000       0.00000000       0.00000000 
      0.00000000        5.0000000       0.00000000       0.00000000 
      0.00000000        95.000000        48643.270       0.00000000 
       50.000000        11.000000 
      0.10236370      0.048005119      0.057423260      0.073880248 
     0.038709681       0.94761783        3.1432519        2.3599999 
       37.754452        191.77190        187.08549        194.27631 
       316.08200        654.94971        706.74792        736.08282 
       186.23238        20.000000       0.00000000       0.00000000 
      0.00000000       0.00000000       0.00000000       0.00000000 
      0.00000000        80.000000        15653.680       0.00000000 
       66.000000        11.000000 
      0.10236370      0.048005119      0.057423260      0.073880248 
     0.038709681       0.94761783        3.1432519        2.3599999 
       44.334869        191.77190        187.08549        194.27631 
       316.08200        654.94971        706.74792        736.08282 
       157.67015        1.0000000       0.00000000       0.00000000 
      0.00000000       0.00000000       0.00000000       0.00000000 
      0.00000000        99.000000        15653.680       0.00000000 
       29.000000       0.00000000 
      0.10236370      0.048005119      0.057423260      0.073880248 
     0.038709681       0.94761783        3.1432519        2.3599999 
       370.07300        456.89850        462.77521        136.08530 
       107.37670        1199.7740        1150.2841        1255.4340 
       489.07576        2.0000000       0.00000000        1.0000000 
      0.00000000       0.00000000       0.00000000       0.00000000 
      0.00000000        97.000000        48643.270       0.00000000 
       57.000000        11.000000 
      0.10236370      0.048005119      0.057423260      0.073880248 
     0.038709681       0.94761783        3.1432519        2.3599999 
       43.590790        202.95320        198.64630        207.25400 
       331.42041        724.03418        759.88690        801.15723 
       210.13665        1.0000000       0.00000000       0.00000000 
      0.00000000       0.00000000       0.00000000       0.00000000 
      0.00000000        99.000000        20847.119       0.00000000 
       29.000000        6.0000000 
      0.10236370      0.048005119      0.057423260      0.073880248 
     0.038709681       0.94761783        3.1432519        2.3599999 
       155.49380        33.617451        29.539619        280.00540 
       298.09149        488.44409        582.13123        583.47620 
       481.95239       0.00000000        30.000000       0.00000000 
      0.00000000       0.00000000       0.00000000       0.00000000 
      0.00000000        70.000000        34745.191       0.00000000 
       33.000000        1.0000000 
      0.10236370      0.048005119      0.057423260      0.073880248 
     0.038709681       0.94761783        3.1432519        2.3599999 
       35.999668        191.77190        187.08549        194.27631 
       316.08200        654.94971        706.74792        736.08282 
       247.46832        43.000000       0.00000000       0.00000000 
      0.00000000       0.00000000       0.00000000       0.00000000 
      0.00000000        57.000000        15653.680        1.0000000 
       58.000000        8.0000000 
      0.10236370      0.048005119      0.057423260      0.073880248 
     0.038709681       0.94761783        3.1432519        2.3599999 
       73.745720        73.740181        176.11819        192.08290 
       316.08200        668.11060        719.90881        749.24359 
       171.14796       0.00000000        15.000000       0.00000000 
      0.00000000       0.00000000       0.00000000       0.00000000 
      0.00000000        85.000000        15653.680        1.0000000 
       74.000000        11.000000 
      0.10236370      0.048005119      0.057423260      0.073880248 
     0.038709681       0.94761783        3.1432519        2.3599999 
       35.999668        191.77190        187.08549        194.27631 
       316.08200        654.94971        706.74792        736.08282 
       156.53680       0.00000000       0.00000000       0.00000000 
      0.00000000       0.00000000       0.00000000       0.00000000 
      0.00000000        100.00000        15653.680       0.00000000 
       17.000000        1.0000000 
      0.10236370      0.048005119      0.057423260      0.073880248 
     0.038709681       0.94761783        3.1432519        2.3599999 
       116.87350        138.47591        240.13901        272.63620 
       413.51419        1118.2450        1015.7610        1173.9050 
       471.77105        2.0000000       0.00000000       0.00000000 
      0.00000000       0.00000000       0.00000000        4.0000000 
      0.00000000        94.000000        48643.270        1.0000000 
       52.000000        11.000000 
      0.10236370      0.048005119      0.057423260      0.073880248 
     0.038709681       0.94761783        3.1432519        2.3599999 
       44.586750        190.50369        198.64630        207.25400 
       331.42041        724.03418        759.88690        801.15723 
       231.75664        12.000000        2.0000000       0.00000000 
      0.00000000       0.00000000       0.00000000       0.00000000 
      0.00000000        86.000000        20847.119       0.00000000 
       46.000000        11.000000 
      0.10236370      0.048005119      0.057423260      0.073880248 
     0.038709681       0.94761783        3.1432519        2.3599999 
       62.778351        75.933647        176.11819        192.08290 
       316.08200        668.11060        719.90881        749.24359 
       159.89526       0.00000000        4.0000000       0.00000000 
      0.00000000       0.00000000       0.00000000       0.00000000 
      0.00000000        96.000000        15653.680       0.00000000 
       76.000000        11.000000 
      0.10236370      0.048005119      0.057423260      0.073880248 
     0.038709681       0.94761783        3.1432519        2.3599999 
       45.084740        189.00970        198.64630        207.25400 
       331.42041        724.03418        759.88690        801.15723 
       223.04870        8.0000000        1.0000000       0.00000000 
      0.00000000       0.00000000       0.00000000       0.00000000 
      0.00000000        91.000000        20847.119       0.00000000 
       31.000000        4.0000000 
      0.10236370      0.048005119      0.057423260      0.073880248 
     0.038709681       0.94761783        3.1432519        2.3599999 
       378.22589        440.59271        438.31650        136.08530 
       107.37670        1199.7740        1150.2841        1255.4340 
       489.64200        2.0000000        2.0000000       0.00000000 
      0.00000000       0.00000000       0.00000000       0.00000000 
      0.00000000        96.000000        48643.270       0.00000000 
       45.000000        2.0000000 
      0.10236370      0.048005119      0.057423260      0.073880248 
     0.038709681       0.94761783        3.1432519        2.3599999 
       38.631840        191.77190        187.08549        194.27631 
       316.08200        654.94971        706.74792        736.08282 
       177.34355        15.000000       0.00000000       0.00000000 
      0.00000000       0.00000000       0.00000000       0.00000000 
      0.00000000        85.000000        15653.680        1.0000000 
       60.000000        8.0000000 
      0.10236370      0.048005119      0.057423260      0.073880248 
     0.038709681       0.94761783        3.1432519        2.3599999 
       67.984398        232.87531        229.58380        241.98331 
       372.46729        908.91040        902.09149        975.30200 
       626.91943        50.000000       0.00000000       0.00000000 
      0.00000000       0.00000000       0.00000000       0.00000000 
      0.00000000        50.000000        34745.191       0.00000000 
       30.000000        8.0000000 
      0.10236370      0.048005119      0.057423260      0.073880248 
     0.038709681       0.94761783        3.1432519        2.3599999 
       376.47910        416.99411        413.70261        225.56750 
       83.671631        1013.9720        951.33911        1080.3640 
       340.99360        1.0000000       0.00000000       0.00000000 
      0.00000000       0.00000000       0.00000000        1.0000000 
      0.00000000        98.000000        34745.191        1.0000000 
       56.000000        2.0000000 
      0.10236370      0.048005119      0.057423260      0.073880248 
     0.038709681       0.94761783        3.1432519        2.3599999 
       195.37309        83.854233        330.67471        90.644951 
       209.35150        763.87268        799.72540        840.99573 
       212.32532       0.00000000        3.0000000       0.00000000 
      0.00000000       0.00000000       0.00000000       0.00000000 
      0.00000000        97.000000        20847.119       0.00000000 
       26.000000        1.0000000 
      0.10236370      0.048005119      0.057423260      0.073880248 
     0.038709681       0.94761783        3.1432519        2.3599999 
       69.358772        80.320602        176.11819        192.08290 
       316.08200        668.11060        702.36102        749.24359 
       152.70723        2.0000000       0.00000000       0.00000000 
      0.00000000       0.00000000       0.00000000        1.0000000 
      0.00000000        97.000000        15653.680        1.0000000 
       60.000000        11.000000 
      0.10236370      0.048005119      0.057423260      0.073880248 
     0.038709681       0.94761783        3.1432519        2.3599999 
       327.40161        357.39081        353.08380        192.31461 
       191.92220        783.79187        819.64459        860.91492 
       207.73723        1.0000000       0.00000000       0.00000000 
       3.0000000       0.00000000       0.00000000       0.00000000 
      0.00000000        96.000000        20847.119       0.00000000 
       31.000000        6.0000000 
      0.10236370      0.048005119      0.057423260      0.073880248 
     0.038709681       0.94761783        3.1432519        2.3599999 
       50.064541        202.95320        198.64630        90.644951 
       331.42041        724.03418        759.88690        801.15723 
       254.73343        21.000000       0.00000000       0.00000000 
       2.0000000       0.00000000       0.00000000       0.00000000 
      0.00000000        77.000000        20847.119       0.00000000 
       18.000000        2.0000000 
      0.10236370      0.048005119      0.057423260      0.073880248 
     0.038709681       0.94761783        3.1432519        2.3599999 
       50.064541        202.95320        198.64630        207.25400 
       331.42041        724.03418        759.88690        801.15723 
       216.80838        5.0000000       0.00000000       0.00000000 
      0.00000000       0.00000000       0.00000000       0.00000000 
      0.00000000        95.000000        20847.119       0.00000000 
       31.000000        6.0000000 
      0.10236370      0.048005119      0.057423260      0.073880248 
     0.038709681       0.94761783        3.1432519        2.3599999 
       200.35291        347.43121        343.12421        80.685341 
       95.232399        778.81207        814.66479        855.93512 
       209.76196       0.00000000       0.00000000       0.00000000 
       1.0000000       0.00000000       0.00000000       0.00000000 
      0.00000000        99.000000        20847.119       0.00000000 
       32.000000        1.0000000 
      0.10236370      0.048005119      0.057423260      0.073880248 
     0.038709681       0.94761783        3.1432519        2.3599999 
       290.54779        345.37921        340.69281        183.30901 
       54.514671        725.14093        776.93909        806.27399 
       161.90638       0.00000000       0.00000000       0.00000000 
      0.00000000        5.0000000       0.00000000       0.00000000 
      0.00000000        95.000000        15653.680       0.00000000 
       19.000000        1.0000000 
      0.10236370      0.048005119      0.057423260      0.073880248 
     0.038709681       0.94761783        3.1432519        2.3599999 
       35.560970        191.77190        187.08549        295.24020 
       316.08200        654.94971        706.74792        736.08282 
       149.23662       0.00000000       0.00000000       0.00000000 
       5.0000000       0.00000000       0.00000000       0.00000000 
      0.00000000        95.000000        15653.680       0.00000000 
       52.000000        3.0000000 
      0.10236370      0.048005119      0.057423260      0.073880248 
     0.038709681       0.94761783        3.1432519        2.3599999 
       39.070530        191.77190        188.18230        194.27631 
       316.08200        654.94971        684.81317        736.08282 
       157.16504        5.0000000       0.00000000       0.00000000 
      0.00000000       0.00000000       0.00000000        1.0000000 
      0.00000000        94.000000        15653.680        1.0000000 
       61.000000        11.000000 
      0.10236370      0.048005119      0.057423260      0.073880248 
     0.038709681       0.94761783        3.1432519        2.3599999 
       37.754452        191.77190        187.08549        194.27631 
       316.08200        654.94971        706.74792        736.08282 
       161.48606        4.0000000       0.00000000       0.00000000 
      0.00000000       0.00000000       0.00000000       0.00000000 
      0.00000000        96.000000        15653.680        1.0000000 
       63.000000        6.0000000 
      0.10236370      0.048005119      0.057423260      0.073880248 
     0.038709681       0.94761783        3.1432519        2.3599999 
       36.877060        191.77190        187.08549        194.27631 
       316.08200        654.94971        706.74792        736.08282 
       156.53680       0.00000000       0.00000000       0.00000000 
      0.00000000       0.00000000       0.00000000       0.00000000 
      0.00000000        100.00000        15653.680       0.00000000 
       72.000000        11.000000 
      0.10236370      0.048005119      0.057423260      0.073880248 
     0.038709681       0.94761783        3.1432519        2.3599999 
       69.358772        75.933647        46.223400        321.56189 
       342.40369        648.36932        706.74792        736.08282 
       165.49270       0.00000000        10.000000       0.00000000 
      0.00000000       0.00000000       0.00000000       0.00000000 
      0.00000000        90.000000        15653.680        1.0000000 
       60.000000        5.0000000 
      0.10236370      0.048005119      0.057423260      0.073880248 
     0.038709681       0.94761783        3.1432519        2.3599999 
       180.43370        303.85779        315.73529        57.961590 
       199.39191        763.87268        799.72540        840.99573 
       235.03171       0.00000000       0.00000000       0.00000000 
       15.000000       0.00000000       0.00000000       0.00000000 
      0.00000000        85.000000        20847.119       0.00000000 
       43.000000        11.000000 
      0.10236370      0.048005119      0.057423260      0.073880248 
     0.038709681       0.94761783        3.1432519        2.3599999 
       64.044594        232.87531        229.58380        241.98331 
       372.46729        908.91040        902.09149        975.30200 
       609.05867        48.000000       0.00000000       0.00000000 
      0.00000000       0.00000000       0.00000000       0.00000000 
      0.00000000        52.000000        34745.191       0.00000000 
       45.000000        5.0000000 
      0.10236370      0.048005119      0.057423260      0.073880248 
     0.038709681       0.94761783        3.1432519        2.3599999 
       82.687141        262.79739        260.52130        276.71259 
       413.51419        1093.7870        1044.2960        1149.4470 
       694.42283        34.000000       0.00000000       0.00000000 
      0.00000000       0.00000000       0.00000000       0.00000000 
      0.00000000        66.000000        48643.270        1.0000000 
       40.000000        5.0000000 
      0.10236370      0.048005119      0.057423260      0.073880248 
     0.038709681       0.94761783        3.1432519        2.3599999 
       64.094429        191.77190        187.08549        194.27631 
       316.08200        654.94971        706.74792        736.08282 
       206.31346        35.000000       0.00000000       0.00000000 
      0.00000000       0.00000000       0.00000000       0.00000000 
      0.00000000        65.000000        15653.680       0.00000000 
       31.000000        1.0000000 
      0.10236370      0.048005119      0.057423260      0.073880248 
     0.038709681       0.94761783        3.1432519        2.3599999 
       235.04150        390.72879        397.28671        110.87520 
       86.954811        994.27289        987.45398        1060.6650 
       344.82903       0.00000000       0.00000000        5.0000000 
      0.00000000       0.00000000       0.00000000       0.00000000 
      0.00000000        95.000000        34745.191       0.00000000 
       32.000000       0.00000000 
      0.10236370      0.048005119      0.057423260      0.073880248 
     0.038709681       0.94761783        3.1432519        2.3599999 
       42.141399        191.77190        187.08549        194.27631 
       316.08200        654.94971        691.39362        736.08282 
       155.72337        4.0000000       0.00000000       0.00000000 
      0.00000000       0.00000000       0.00000000        1.0000000 
      0.00000000        95.000000        15653.680        1.0000000 
       65.000000        3.0000000 
      0.10236370      0.048005119      0.057423260      0.073880248 
     0.038709681       0.94761783        3.1432519        2.3599999 
       44.586750        202.95320        198.64630        207.25400 
       331.42041        724.03418        759.88690        801.15723 
       327.14613        42.000000       0.00000000       0.00000000 
      0.00000000       0.00000000       0.00000000       0.00000000 
      0.00000000        58.000000        20847.119        1.0000000 
       45.000000        4.0000000 
      0.10236370      0.048005119      0.057423260      0.073880248 
     0.038709681       0.94761783        3.1432519        2.3599999 
       35.999668        191.77190        187.08549        194.27631 
       316.08200        654.94971        706.74792        736.08282 
       161.55918        4.0000000       0.00000000       0.00000000 
      0.00000000       0.00000000       0.00000000       0.00000000 
      0.00000000        96.000000        15653.680       0.00000000 
       76.000000        11.000000 
      0.10236370      0.048005119      0.057423260      0.073880248 
     0.038709681       0.94761783        3.1432519        2.3599999 
       39.070530        191.77190        187.08549        194.27631 
       316.08200        654.94971        706.74792        736.08282 
       164.03464        6.0000000       0.00000000       0.00000000 
      0.00000000       0.00000000       0.00000000       0.00000000 
      0.00000000        94.000000        15653.680        1.0000000 
       66.000000        11.000000 
      0.10236370      0.048005119      0.057423260      0.073880248 
     0.038709681       0.94761783        3.1432519        2.3599999 
       71.924210        232.87531        229.58380        241.98331 
       372.46729        908.91040        902.09149        975.30200 
       361.95337        5.0000000       0.00000000       0.00000000 
      0.00000000       0.00000000       0.00000000       0.00000000 
      0.00000000        95.000000        34745.191       0.00000000 
       44.000000        1.0000000 
      0.10236370      0.048005119      0.057423260      0.073880248 
     0.038709681       0.94761783        3.1432519        2.3599999 
       32.267319        180.51160        175.44310        181.20700 
       300.63519        585.37708        653.23352        670.54858 
       108.82932        6.0000000       0.00000000       0.00000000 
      0.00000000       0.00000000       0.00000000       0.00000000 
      0.00000000        94.000000        10423.560        1.0000000 
       25.000000        2.0000000 
      0.10236370      0.048005119      0.057423260      0.073880248 
     0.038709681       0.94761783        3.1432519        2.3599999 
       29.235399        180.51160        175.44310        181.20700 
       300.63519        585.37708        653.23352        670.54858 
       107.36060        4.0000000       0.00000000       0.00000000 
      0.00000000       0.00000000       0.00000000       0.00000000 
      0.00000000        96.000000        10423.560       0.00000000 
       57.000000        4.0000000 
      0.10236370      0.048005119      0.057423260      0.073880248 
     0.038709681       0.94761783        3.1432519        2.3599999 
       78.764061        202.95320        198.64630        207.25400 
       331.42041        724.03418        759.88690        801.15723 
       208.47119       0.00000000       0.00000000       0.00000000 
      0.00000000       0.00000000       0.00000000       0.00000000 
      0.00000000        100.00000        20847.119        1.0000000 
       56.000000        8.0000000 
      0.10236370      0.048005119      0.057423260      0.073880248 
     0.038709681       0.94761783        3.1432519        2.3599999 
       42.594830        202.95320        198.64630        207.25400 
       331.42041        724.03418        759.88690        801.15723 
       1701.3584        90.000000       0.00000000       0.00000000 
      0.00000000       0.00000000       0.00000000       0.00000000 
      0.00000000        10.000000        20847.119        1.0000000 
       58.000000        11.000000 
      0.10236370      0.048005119      0.057423260      0.073880248 
     0.038709681       0.94761783        3.1432519        2.3599999 
       235.04150        357.89700        354.60550        78.537689 
       227.74651        961.44122        954.62231        1027.8330 
       358.65667       0.00000000       0.00000000       0.00000000 
       4.0000000       0.00000000       0.00000000       0.00000000 
      0.00000000        96.000000        34745.191       0.00000000 
       43.000000        11.000000 
      0.10236370      0.048005119      0.057423260      0.073880248 
     0.038709681       0.94761783        3.1432519        2.3599999 
       187.90340        59.138561        53.337688        339.28250 
       361.29919        716.56451        759.88690        801.15723 
       258.24873       0.00000000        25.000000       0.00000000 
      0.00000000       0.00000000       0.00000000       0.00000000 
      0.00000000        75.000000        20847.119       0.00000000 
       46.000000        11.000000 
      0.10236370      0.048005119      0.057423260      0.073880248 
     0.038709681       0.94761783        3.1432519        2.3599999 
       69.297668        242.72479        229.58380        241.98331 
       372.46729        908.91040        902.09149        975.30200 
       451.79569        24.000000        6.0000000       0.00000000 
      0.00000000       0.00000000       0.00000000       0.00000000 
      0.00000000        70.000000        34745.191        1.0000000 
       39.000000        11.000000 
      0.10236370      0.048005119      0.057423260      0.073880248 
     0.038709681       0.94761783        3.1432519        2.3599999 
       269.73010        456.89850        454.62231        136.08530 
       243.87180        1191.6210        1142.1310        1247.2810 
       498.24624        2.0000000       0.00000000       0.00000000 
       2.0000000       0.00000000       0.00000000       0.00000000 
      0.00000000        96.000000        48643.270        1.0000000 
       36.000000        3.0000000 
      0.10236370      0.048005119      0.057423260      0.073880248 
     0.038709681       0.94761783        3.1432519        2.3599999 
       45.084740        202.95320        198.64630        207.25400 
       331.42041        724.03418        759.88690        801.15723 
       237.30409        15.000000       0.00000000       0.00000000 
      0.00000000       0.00000000       0.00000000       0.00000000 
      0.00000000        85.000000        20847.119       0.00000000 
       34.000000        3.0000000 
      0.10236370      0.048005119      0.057423260      0.073880248 
     0.038709681       0.94761783        3.1432519        2.3599999 
       221.90880        357.89700        354.60550        72.299660 
       227.74651        961.44122        954.62231        1027.8330 
       373.05449        5.0000000       0.00000000       0.00000000 
       6.0000000       0.00000000       0.00000000       0.00000000 
      0.00000000        89.000000        34745.191        1.0000000 
       37.000000        1.0000000 
      0.10236370      0.048005119      0.057423260      0.073880248 
     0.038709681       0.94761783        3.1432519        2.3599999 
       71.294350        203.45120        198.64630        207.25400 
       331.42041        724.03418        759.88690        801.15723 
       309.17316        41.000000        3.0000000       0.00000000 
      0.00000000       0.00000000       0.00000000       0.00000000 
      0.00000000        56.000000        20847.119       0.00000000 
       31.000000        5.0000000 
      0.10236370      0.048005119      0.057423260      0.073880248 
     0.038709681       0.94761783        3.1432519        2.3599999 
       292.74130        339.89551        325.33850        76.244637 
       58.901619        711.98010        763.77832        793.11310 
       148.89685       0.00000000        4.0000000       0.00000000 
      0.00000000       0.00000000       0.00000000       0.00000000 
      0.00000000        96.000000        15653.680       0.00000000 
       65.000000        3.0000000 
      0.10236370      0.048005119      0.057423260      0.073880248 
     0.038709681       0.94761783        3.1432519        2.3599999 
       42.141399        191.77190        187.08549        194.27631 
       316.08200        654.94971        706.74792        736.08282 
       185.13565        20.000000       0.00000000       0.00000000 
      0.00000000       0.00000000       0.00000000       0.00000000 
      0.00000000        80.000000        15653.680        1.0000000 
       70.000000        11.000000 
      0.10236370      0.048005119      0.057423260      0.073880248 
     0.038709681       0.94761783        3.1432519        2.3599999 
       177.94380        210.42290        315.73529        59.455528 
       199.39191        763.87268        799.72540        840.99573 
       208.45148       0.00000000        1.0000000       0.00000000 
      0.00000000       0.00000000       0.00000000       0.00000000 
      0.00000000        99.000000        20847.119       0.00000000 
       37.000000        3.0000000 
      0.10236370      0.048005119      0.057423260      0.073880248 
     0.038709681       0.94761783        3.1432519        2.3599999 
       402.68451        440.59271        438.31650        140.16180 
       107.37670        1199.7740        1150.2841        1255.4340 
       479.22723       0.00000000       0.00000000       0.00000000 
      0.00000000       0.00000000        1.0000000       0.00000000 
      0.00000000        99.000000        48643.270       0.00000000 
       44.000000        7.0000000 
      0.10236370      0.048005119      0.057423260      0.073880248 
     0.038709681       0.94761783        3.1432519        2.3599999 
       45.084740        202.95320        198.64630        207.25400 
       331.42041        724.03418        759.88690        801.15723 
       220.76910        7.0000000       0.00000000       0.00000000 
      0.00000000       0.00000000       0.00000000       0.00000000 
      0.00000000        93.000000        20847.119       0.00000000 
       47.000000        5.0000000 
      0.10236370      0.048005119      0.057423260      0.073880248 
     0.038709681       0.94761783        3.1432519        2.3599999 
       63.217041        180.80450        181.60181        192.08290 
       316.08200        668.11060        691.39362        749.24359 
       151.13420       0.00000000       0.00000000       0.00000000 
      0.00000000       0.00000000       0.00000000        1.0000000 
      0.00000000        99.000000        15653.680       0.00000000 
       59.000000        11.000000 
      0.10236370      0.048005119      0.057423260      0.073880248 
     0.038709681       0.94761783        3.1432519        2.3599999 
       37.754452        191.77190        187.08549        194.27631 
       316.08200        654.94971        706.74792        736.08282 
       11878.235        100.00000       0.00000000       0.00000000 
      0.00000000       0.00000000       0.00000000       0.00000000 
      0.00000000       0.00000000        15653.680       0.00000000 
       38.000000        7.0000000 
      0.10236370      0.048005119      0.057423260      0.073880248 
     0.038709681       0.94761783        3.1432519        2.3599999 
       69.358772        75.275612        176.11819        192.08290 
       316.08200        668.11060        719.90881        749.24359 
       1712.3330        10.000000        85.000000       0.00000000 
      0.00000000       0.00000000       0.00000000       0.00000000 
      0.00000000        5.0000000        15653.680        1.0000000 
       59.000000        11.000000 
      0.10236370      0.048005119      0.057423260      0.073880248 
     0.038709681       0.94761783        3.1432519        2.3599999 
       66.671127        232.87531        229.58380        241.98331 
       372.46729        908.91040        902.09149        975.30200 
       397.00146        15.000000       0.00000000       0.00000000 
      0.00000000       0.00000000       0.00000000       0.00000000 
      0.00000000        85.000000        34745.191       0.00000000 
       38.000000        2.0000000 
      0.10236370      0.048005119      0.057423260      0.073880248 
     0.038709681       0.94761783        3.1432519        2.3599999 
       92.470596        262.79739        260.52130        276.71259 
       413.51419        1093.7870        1044.2960        1149.4470 
       540.15480        12.000000       0.00000000       0.00000000 
      0.00000000       0.00000000       0.00000000       0.00000000 
      0.00000000        88.000000        48643.270       0.00000000 
       31.000000        1.0000000 
      0.10236370      0.048005119      0.057423260      0.073880248 
     0.038709681       0.94761783        3.1432519        2.3599999 
       28.856409        180.51160        175.44310        181.20700 
       300.63519        585.37708        653.23352        670.54858 
       115.49915        13.000000       0.00000000       0.00000000 
      0.00000000       0.00000000       0.00000000       0.00000000 
      0.00000000        87.000000        10423.560       0.00000000 
       22.000000        9.0000000 
      0.10236370      0.048005119      0.057423260      0.073880248 
     0.038709681       0.94761783        3.1432519        2.3599999 
       43.092812        202.95320        198.64630        207.25400 
       331.42041        724.03418        759.88690        801.15723 
       208.47119       0.00000000       0.00000000       0.00000000 
      0.00000000       0.00000000       0.00000000       0.00000000 
      0.00000000        100.00000        20847.119       0.00000000 
       30.000000        1.0000000 
      0.10236370      0.048005119      0.057423260      0.073880248 
     0.038709681       0.94761783        3.1432519        2.3599999 
       28.856409        180.51160        175.44310        181.20700 
       300.63519        585.37708        653.23352        670.54858 
       126.75146        23.000000       0.00000000       0.00000000 
      0.00000000       0.00000000       0.00000000       0.00000000 
      0.00000000        77.000000        10423.560       0.00000000 
       24.000000        4.0000000 
      0.10236370      0.048005119      0.057423260      0.073880248 
     0.038709681       0.94761783        3.1432519        2.3599999 
       44.088772        202.95320        198.64630        207.25400 
       331.42041        724.03418        759.88690        801.15723 
       16438.242        100.00000       0.00000000       0.00000000 
      0.00000000       0.00000000       0.00000000       0.00000000 
      0.00000000       0.00000000        20847.119        1.0000000 
       61.000000        11.000000 
      0.10236370      0.048005119      0.057423260      0.073880248 
     0.038709681       0.94761783        3.1432519        2.3599999 
       35.999668        191.77190        187.08549        194.27631 
       316.08200        654.94971        706.74792        736.08282 
       158.99674        2.0000000       0.00000000       0.00000000 
      0.00000000       0.00000000       0.00000000       0.00000000 
      0.00000000        98.000000        15653.680       0.00000000 
       65.000000        1.0000000 
      0.10236370      0.048005119      0.057423260      0.073880248 
     0.038709681       0.94761783        3.1432519        2.3599999 
       169.84270        191.77190        187.08549        194.27631 
       316.08200        670.30402        673.84583        736.08282 
       135.45158        30.000000       0.00000000       0.00000000 
      0.00000000       0.00000000       0.00000000        2.0000000 
      0.00000000        68.000000        15653.680        1.0000000 
       62.000000        11.000000 
      0.10236370      0.048005119      0.057423260      0.073880248 
     0.038709681       0.94761783        3.1432519        2.3599999 
       340.09210        499.85251        500.36871        141.60280 
       334.07629        1702.3230        1535.4860        1728.4720 
       940.53353       0.00000000       0.00000000       0.00000000 
       9.0000000       0.00000000       0.00000000       0.00000000 
      0.00000000        91.000000        86862.977       0.00000000 
       40.000000        6.0000000 
      0.10236370      0.048005119      0.057423260      0.073880248 
     0.038709681       0.94761783        3.1432519        2.3599999 
       187.39050        305.89661        301.21030        46.833790 
       188.79640        690.04529        741.84351        771.17841 
       158.48064        1.0000000       0.00000000       0.00000000 
       2.0000000       0.00000000       0.00000000       0.00000000 
      0.00000000        97.000000        15653.680       0.00000000 
       32.000000        2.0000000 
      0.10236370      0.048005119      0.057423260      0.073880248 
     0.038709681       0.94761783        3.1432519        2.3599999 
       137.25571        403.90469        401.62860        252.25400 
       389.05560        1146.7800        1070.7930        1675.3080 
       621.01870        30.000000       0.00000000       0.00000000 
      0.00000000       0.00000000       0.00000000       0.00000000 
       1.0000000        69.000000        48643.270        1.0000000 
       61.000000        11.000000 
      0.10236370      0.048005119      0.057423260      0.073880248 
     0.038709681       0.94761783        3.1432519        2.3599999 
       38.193138        191.77190        187.08549        194.27631 
       316.08200        654.94971        684.81317        736.08282 
       140.19835       0.00000000       0.00000000       0.00000000 
      0.00000000       0.00000000       0.00000000        3.0000000 
      0.00000000        97.000000        15653.680       0.00000000 
       65.000000        4.0000000 
      0.10236370      0.048005119      0.057423260      0.073880248 
     0.038709681       0.94761783        3.1432519        2.3599999 
       386.37881        440.59271        438.31650        136.08530 
       107.37670        1260.9210        1150.2841        1255.4340 
       479.55071        1.0000000       0.00000000       0.00000000 
      0.00000000       0.00000000        1.0000000       0.00000000 
      0.00000000        98.000000        48643.270       0.00000000 
       46.000000        10.000000 
      0.10236370      0.048005119      0.057423260      0.073880248 
     0.038709681       0.94761783        3.1432519        2.3599999 
       458.55841        232.87531        229.58380        241.98331 
       372.46729        908.91040        902.09149        975.30200 
       347.45191       0.00000000       0.00000000       0.00000000 
      0.00000000       0.00000000       0.00000000       0.00000000 
      0.00000000        100.00000        34745.191        1.0000000 
       36.000000        1.0000000 
      0.10236370      0.048005119      0.057423260      0.073880248 
     0.038709681       0.94761783        3.1432519        2.3599999 
       283.96741        50.909752        42.275150        321.56189 
       342.40369        648.36932        706.74792        736.08282 
       169.23254       0.00000000       0.00000000        10.000000 
      0.00000000       0.00000000       0.00000000       0.00000000 
      0.00000000        90.000000        15653.680       0.00000000 
       65.000000        11.000000 
      0.10236370      0.048005119      0.057423260      0.073880248 
     0.038709681       0.94761783        3.1432519        2.3599999 
       45.084740        202.95320        191.17650        207.25400 
       331.42041        724.03418        759.88690        801.15723 
       265.92321        25.000000       0.00000000        3.0000000 
      0.00000000       0.00000000       0.00000000       0.00000000 
      0.00000000        72.000000        20847.119       0.00000000 
       44.000000        11.000000 
      0.10236370      0.048005119      0.057423260      0.073880248 
     0.038709681       0.94761783        3.1432519        2.3599999 
       225.19200        236.15849        361.17181        76.567787 
       227.74651        790.71619        957.90552        1031.1160 
       375.92217        3.0000000       0.00000000       0.00000000 
       8.0000000       0.00000000       0.00000000       0.00000000 
      0.00000000        89.000000        34745.191       0.00000000 
       40.000000        3.0000000 
      0.10236370      0.048005119      0.057423260      0.073880248 
     0.038709681       0.94761783        3.1432519        2.3599999 
       67.165298        193.96539        193.66600        185.50240 
       305.11459        670.30402        722.10217        751.43707 
       160.83140        6.0000000        4.0000000       0.00000000 
      0.00000000       0.00000000       0.00000000       0.00000000 
      0.00000000        90.000000        15653.680       0.00000000 
       73.000000        4.0000000 
      0.10236370      0.048005119      0.057423260      0.073880248 
     0.038709681       0.94761783        3.1432519        2.3599999 
       180.43370        53.162788        53.337688        339.28250 
       361.29919        716.56451        759.88690        801.15723 
       225.72768       0.00000000        10.000000       0.00000000 
      0.00000000       0.00000000       0.00000000       0.00000000 
      0.00000000        90.000000        20847.119       0.00000000 
       38.000000        11.000000 
      0.10236370      0.048005119      0.057423260      0.073880248 
     0.038709681       0.94761783        3.1432519        2.3599999 
       63.387959        232.87531        229.58380        241.98331 
       372.46729        908.91040        902.09149        975.30200 
       1483.7077        80.000000       0.00000000       0.00000000 
      0.00000000       0.00000000       0.00000000       0.00000000 
      0.00000000        20.000000        34745.191        1.0000000 
       60.000000        11.000000 
      0.10236370      0.048005119      0.057423260      0.073880248 
     0.038709681       0.94761783        3.1432519        2.3599999 
       62.731319        232.87531        229.58380        241.98331 
       372.46729        908.91040        902.09149        975.30200 
       442.35878        25.000000       0.00000000       0.00000000 
      0.00000000       0.00000000       0.00000000       0.00000000 
      0.00000000        75.000000        34745.191       0.00000000 
       60.000000        11.000000 
      0.10236370      0.048005119      0.057423260      0.073880248 
     0.038709681       0.94761783        3.1432519        2.3599999 
       199.35690        202.95320        198.64630        207.25400 
       331.42041        724.03418        759.88690        801.15723 
       208.47119       0.00000000       0.00000000       0.00000000 
      0.00000000       0.00000000       0.00000000       0.00000000 
      0.00000000        100.00000        20847.119       0.00000000 
       36.000000        11.000000 
      0.10236370      0.048005119      0.057423260      0.073880248 
     0.038709681       0.94761783        3.1432519        2.3599999 
       62.074692        232.87531        229.58380        241.98331 
       372.46729        908.91040        902.09149        975.30200 
       382.72326        11.000000       0.00000000       0.00000000 
      0.00000000       0.00000000       0.00000000       0.00000000 
      0.00000000        89.000000        34745.191       0.00000000 
       41.000000        11.000000 
      0.10236370      0.048005119      0.057423260      0.073880248 
     0.038709681       0.94761783        3.1432519        2.3599999 
       36.438358        191.77190        187.08549        194.27631 
       316.08200        654.94971        706.74792        736.08282 
       177.73064        15.000000       0.00000000       0.00000000 
      0.00000000       0.00000000       0.00000000       0.00000000 
      0.00000000        85.000000        15653.680       0.00000000 
       62.000000        11.000000 
      0.10236370      0.048005119      0.057423260      0.073880248 
     0.038709681       0.94761783        3.1432519        2.3599999 
       43.018791        191.77190        187.08549        194.27631 
       316.08200        654.94971        706.74792        736.08282 
       163.78263        6.0000000       0.00000000       0.00000000 
      0.00000000       0.00000000       0.00000000       0.00000000 
      0.00000000        94.000000        15653.680       0.00000000 
       67.000000        2.0000000 
      0.10236370      0.048005119      0.057423260      0.073880248 
     0.038709681       0.94761783        3.1432519        2.3599999 
       283.96741        310.28360        305.59720        181.11549 
       302.92111        683.46490        735.26312        779.95227 
       142.36915        1.0000000       0.00000000       0.00000000 
      0.00000000       0.00000000       0.00000000       0.00000000 
       2.0000000        97.000000        15653.680        1.0000000 
       55.000000        10.000000 
      0.10236370      0.048005119      0.057423260      0.073880248 
     0.038709681       0.94761783        3.1432519        2.3599999 
       370.07300        403.90469        401.62860        252.25400 
       389.05560        1146.7800        1097.2900        1230.9760 
       472.28087        1.0000000       0.00000000       0.00000000 
      0.00000000       0.00000000       0.00000000       0.00000000 
       2.0000000        97.000000        48643.270        1.0000000 
       56.000000        11.000000 
